26
500 500 0 0 0 0 0 0 0 0 1 0 0 0 0 0 0 0 0 0 0 0 0 0 0 0
0 0 0 333 333 333 0 0 0 0 0 1 0 0 0 0 0 0 0 0 0 0 0 0 0 0
600 400 0 0 0 0 0 0 0 0 0 0 1 0 0 0 0 0 0 0 0 0 0 0 0 0
0 0 0 100 0 0 450 450 0 0 0 0 0 1 0 0 0 0 0 0 0 0 0 0 0 0
0 0 0 0 0 0 500 500 0 0 0 0 0 0 1 0 0 0 0 0 0 0 0 0 0 0
0 0 0 0 0 0 500 500 0 0 0 0 0 0 0 1 0 0 0 0 0 0 0 0 0 0
0 0 0 0 0 0 0 0 300 700 0 0 0 0 0 0 1 0 0 0 0 0 0 0 0 0
0 0 0 0 0 0 0 0 0 333 0 0 0 0 0 0 0 1 0 0 0 0 0 333 333 0
0 0 0 0 0 0 0 0 600 400 0 0 0 0 0 0 0 0 1 0 0 0 0 0 0 0
0 0 0 0 0 0 0 0 0 600 0 0 0 0 0 0 0 0 0 1 0 0 0 0 400 0
1 0 0 0 0 0 0 0 0 0 300 0 700 0 0 0 0 0 0 0 0 0 0 0 0 0
0 1 0 0 0 0 0 0 0 0 0 0 0 500 500 0 0 0 0 0 0 0 0 0 0 0
0 0 1 0 0 0 0 0 0 0 0 500 0 500 0 0 0 0 0 0 0 0 0 0 0 0
0 0 0 1 0 0 0 0 0 0 0 0 0 150 0 0 850 0 0 0 0 0 0 0 0 0
0 0 0 0 1 0 0 0 0 0 0 200 0 0 200 200 200 200 0 0 0 0 0 0 0 0
0 0 0 0 0 1 0 0 0 0 0 0 0 0 700 0 0 0 300 0 0 0 0 0 0 0
0 0 0 0 0 0 1 0 0 0 0 0 0 0 0 0 200 800 0 0 0 0 0 0 0 0
0 0 0 0 0 0 0 1 0 0 0 0 0 0 0 0 0 200 800 0 0 0 0 0 0 0
0 0 0 0 0 0 0 0 1 500 0 500 0 0 0 0 0 0 0 0 0 0 0 0 0 0
0 0 0 0 0 0 0 0 0 1 0 0 0 0 0 0 0 0 0 500 0 500 0 0 0 0
0 0 1000 0 0 0 0 0 0 0 0 0 0 0 0 0 0 0 0 0 0 0 0 0 0 0
0 0 0 0 0 0 0 0 0 0 0 0 0 0 0 0 0 0 0 0 1000 0 0 0 0 0
0 0 600 0 0 0 0 0 0 0 0 0 0 0 0 0 0 0 0 0 400 0 0 0 0 0
0 0 0 0 0 0 0 0 0 0 0 0 0 0 0 333 0 0 0 0 0 0 333 0 0 333
0 0 0 0 0 0 0 0 0 0 0 0 0 0 0 0 0 0 0 0 0 0 0 100 300 600
0 0 0 0 0 0 0 0 0 0 500 500 0 0 0 0 0 0 0 0 0 0 0 0 0 0
1 1200
2 900 -300
2 600 600
2 600 600
3 400 -400 400
4 300 -300 300 -300
2 300 900
4 300 300 300 300
1 400
1 1200
2 1273 237
2 237 1273
3 193 295 397
2 -63 2536
1 421
1 3711
2 -62 1634
2 -61 732
1 138
1 1988
3 400 400 -400
1 -4800
2 -300 900
1 -2400
1 -1200
1 300
