22
1 500 500 0 0 0 0 0 0 0 0 0 0 0 0 0 0 0 0 0 0 0
0 1 0 0 1000 0 0 0 0 0 0 0 0 0 0 0 0 0 0 0 0 0
0 0 0 0 0 0 0 1000 1 0 0 0 0 0 0 0 0 0 0 0 0 0
1000 0 0 0 1 0 0 0 0 0 0 0 0 0 0 0 0 0 0 0 0 0
0 0 0 0 0 0 1000 0 0 0 0 0 0 0 0 0 0 0 0 0 0 0
0 0 0 1000 1 1 0 0 0 0 0 0 0 0 0 0 0 0 0 0 0 0
0 0 0 0 0 0 0 0 0 0 0 0 0 500 0 0 0 0 0 0 500 0
0 0 0 0 0 0 0 0 1 0 0 0 0 0 1000 0 0 0 0 0 0 0
0 0 0 0 0 0 0 0 0 1000 0 0 0 0 0 0 0 0 0 0 0 0
0 0 0 0 1 500 0 0 0 0 500 0 0 0 0 0 0 0 0 0 0 0
0 0 0 0 0 0 0 0 0 0 0 1000 0 0 0 0 0 1 0 0 0 0
0 0 0 0 0 0 1 0 0 0 1 0 1000 0 0 0 0 0 1 0 0 0
0 0 0 0 0 0 200 0 0 0 0 0 0 1 0 0 0 0 0 500 300 0
0 0 0 0 0 0 0 0 0 0 0 0 1 0 0 0 0 0 0 0 1000 0
0 0 0 0 0 0 0 0 500 0 0 0 0 0 0 500 0 0 0 0 0 0
0 0 0 0 0 0 0 0 1 1000 0 0 0 0 0 0 1 0 0 0 0 0
0 0 0 0 0 0 0 0 0 1000 0 0 0 0 0 0 0 0 0 0 0 0
0 0 0 0 0 0 0 0 0 1000 0 0 0 0 0 0 1 0 0 0 0 0
0 0 0 0 0 0 0 0 0 0 0 0 0 0 0 0 0 1 0 0 0 1000
0 0 0 0 0 0 0 0 0 0 0 1 0 0 0 0 0 0 1000 0 0 0
0 0 0 0 0 0 0 0 0 0 0 0 0 0 0 0 0 0 0 450 550 0
0 0 0 0 0 0 0 0 0 0 0 0 0 0 0 0 500 500 0 0 0 0
1 60
1 59
1 61
1 59
1 55
1 63
1 65
1 57
1 56
1 62
1 63
1 60
1 59
1 66
1 58
1 63
1 64
1 69
1 60
1 56
1 55
1 63
