17
0 1000 1 0 0 0 0 1 1 0 0 0 0 0 0 0 0
1 0 1 1 1000 0 1 1 1 0 0 0 0 0 0 0 0
1 1000 0 1 0 0 0 0 0 0 0 0 0 0 0 0 0
0 1 10 0 1 0 40 0 500 0 0 0 0 0 0 0 0
0 1 0 1 0 1 1 0 1 1000 0 0 0 0 0 0 0
0 0 0 0 1000 0 1 1 0 0 0 0 0 0 0 0 0
0 1 0 1 1 300 0 700 1 0 0 0 0 0 0 0 0
1 0 0 0 0 1 1 0 1000 0 0 0 0 0 0 0 0
750 1 0 1 250 0 1 1 0 0 0 0 0 0 0 0 0
0 0 0 500 1 0 0 0 0 0 500 0 0 0 0 1 0
0 0 0 0 0 0 0 0 0 0 0 900 0 0 0 1 100
0 0 0 0 0 0 0 0 0 0 250 0 700 0 0 0 5
0 0 0 0 0 0 0 0 0 0 0 300 0 700 0 0 1
0 0 0 0 0 0 0 0 0 0 0 0 250 0 700 0 5
0 0 0 0 0 0 0 0 0 0 0 0 0 300 0 700 1
0 0 0 0 0 0 0 0 0 1000 1 0 0 0 1 0 1
0 0 0 0 0 0 0 0 0 0 1 230 230 230 230 80 0
3 300 600 300
3 200 -200 200
1 1200
2 300 -300
1 600
5 240 -240 240 -240 240
2 300 300
5 200 400 -200 200 200
3 -300 300 300
1 -3600
3 900 600 300
5 240 -240 240 480 -600
4 400 400 700 300
2 -600 1200
2 1500 300
5 300 300 -600 300 300
2 3600 -1200
